x sin(x) sin(2x) sin2(x)
0 0.0 0.0 0.0
0.01 0.009999833334166664 0.01999866669333308 9.99966667111108e-05
0.02 0.01999866669333308 0.03998933418663416 0.0003999466695110299
0.03 0.02999550020249566 0.059964006479444595 0.0008997300323979172
0.04 0.03998933418663416 0.0799146939691727 0.0015991468486903076
0.05 0.04997916927067833 0.09983341664682815 0.002497917360987117
0.060000000000000005 0.0599640064794446 0.11971220728891938 0.0035956820730668744
0.07 0.06994284733753277 0.1395431146442365 0.0048920018936814144
0.08 0.0799146939691727 0.15931820661424598 0.006386358312186527
0.09 0.08987854919801104 0.17902957342582418 0.008078153605939291
0.09999999999999999 0.09983341664682814 0.1986693307950612 0.009966711079379182
0.10999999999999999 0.1097783008371748 0.2182296230808693 0.012051275334697253
0.11999999999999998 0.11971220728891935 0.23770262642713455 0.014331012573985195
0.12999999999999998 0.12963414261969483 0.25708055189215506 0.01680501093274338
0.13999999999999999 0.13954311464423647 0.2763556485641137 0.019472280844614522
0.15 0.14943813247359922 0.29552020666133955 0.02233175543719699
0.16 0.15931820661424598 0.31456656061611776 0.02538229095877957
0.17 0.16918234906699603 0.3334870921408144 0.028622667235826894
0.18000000000000002 0.1790295734258242 0.35227423327509 0.03205158816103258
0.19000000000000003 0.1888588949765006 0.37092046941298273 0.035667682211744885
0.20000000000000004 0.19866933079506124 0.3894183423086506 0.03946950299855747
0.21000000000000005 0.2084598998460996 0.40776045305957026 0.04345552984384588
0.22000000000000006 0.21822962308086938 0.4259394650659997 0.04762416839001832
0.23000000000000007 0.22797752353518846 0.4439481069655199 0.05197375123723741
0.24000000000000007 0.23770262642713466 0.461779175541483 0.056502538610357936
0.25000000000000006 0.247403959254523 0.4794255386042031 0.061208719054813676
0.26000000000000006 0.2570805518921552 0.4968801378437368 0.06609041016117509
0.2700000000000001 0.2667314366888312 0.5141359916531132 0.07114565931808797
0.2800000000000001 0.2763556485641138 0.5311861979208835 0.07637244449329199
0.2900000000000001 0.28595222510483564 0.5480239367918737 0.08176867504240659
0.3000000000000001 0.29552020666133966 0.5646424733950355 0.0873321925451609
0.3100000000000001 0.3050586364434436 0.5810351605373052 0.0930607716687331
0.3200000000000001 0.3145665606161179 0.5971954413623922 0.09895212105785377
0.3300000000000001 0.3240430283948685 0.613116851973434 0.10500388425131754
0.34000000000000014 0.3334870921408145 0.6287930240184687 0.1112136406245361
0.35000000000000014 0.3428978074554515 0.6442176872376912 0.11757890635775589
0.36000000000000015 0.3522742332750901 0.6593846719714734 0.1240971354295526
0.37000000000000016 0.36161543196496215 0.6742879116281453 0.13076572063520617
0.38000000000000017 0.37092046941298285 0.6889214451105515 0.13758199462954754
0.3900000000000002 0.3801884151231616 0.7032794192004105 0.14454323099386146
0.4000000000000002 0.3894183423086507 0.717356090899523 0.15164664532641745
0.4100000000000002 0.39860932798442306 0.7311458297268961 0.15888939635619334
0.4200000000000002 0.40776045305957037 0.7446431199708596 0.16626858707934608
0.4300000000000002 0.416870802429211 0.7578425628952773 0.17378126591797427
0.4400000000000002 0.42593946506599983 0.7707388788989695 0.1814244279007101
0.45000000000000023 0.4349655341112304 0.7833269096274836 0.18919501586466794
0.46000000000000024 0.44394810696552 0.7956016200363664 0.1970899216782688
0.47000000000000025 0.4528862853790685 0.8075581004051146 0.20510598748445108
0.48000000000000026 0.4617791755414831 0.8191915683009986 0.21324000696377188
0.49000000000000027 0.47062588817115825 0.8304973704919708 0.22148872661689153
0.5000000000000002 0.47942553860420317 0.8414709848078967 0.2298488470659303
0.5100000000000002 0.4881772468829077 0.8521080219493632 0.23831702437417543
0.5200000000000002 0.4968801378437369 0.8624042272433387 0.246889871383611
0.5300000000000002 0.5055333412048472 0.8723554823449865 0.25556395906973645
0.5400000000000003 0.5141359916531133 0.8819578068849477 0.2643358179131302
0.5500000000000003 0.5226872289306594 0.8912073600614355 0.2732019392872116
0.5600000000000003 0.5311861979208836 0.9001004421765052 0.28215877686164414
0.5700000000000003 0.5396320487339695 0.9086334961158835 0.29120274802082124
0.5800000000000003 0.5480239367918738 0.9168031087717672 0.30033023529686365
0.5900000000000003 0.556361022912784 0.9246060124080205 0.3095375878165594
0.6000000000000003 0.5646424733950356 0.9320390859672266 0.31882112276166347
0.6100000000000003 0.5728674601004815 0.9390993563190678 0.32817712684197675
0.6200000000000003 0.5810351605373053 0.9457839994495392 0.33760185778061214
0.6300000000000003 0.5891447579422697 0.952090341590516 0.3470915458108556
0.6400000000000003 0.5971954413623923 0.9580158602892251 0.3566423951840226
0.6500000000000004 0.6051864057360399 0.9635581854171932 0.3662505856877067
0.6600000000000004 0.6131168519734341 0.9687151001182654 0.37591227417381395
0.6700000000000004 0.6209859870365599 0.9734845416953195 0.38562359609577057
0.6800000000000004 0.6287930240184688 0.9778646024353164 0.3953806670542907
0.6900000000000004 0.6365371822219682 0.9818535303723599 0.40517958435108314
0.7000000000000004 0.6442176872376913 0.9854497299884604 0.4150164285498799
0.7100000000000004 0.651833771021537 0.98865176285172 0.42488726504415747
0.7200000000000004 0.6593846719714734 0.9914583481916865 0.4347881456309276
0.7300000000000004 0.6668696350036982 0.993868363411645 0.44471511008996567
0.7400000000000004 0.6742879116281454 0.9958808445376401 0.4546641877678456
0.7500000000000004 0.6816387600233345 0.9974949866040544 0.46463139916614893
0.7600000000000005 0.6889214451105516 0.998710143975583 0.4746127575332108
0.7700000000000005 0.696135238627357 0.9995258306054791 0.48460427045876736
0.7800000000000005 0.7032794192004105 0.9999417202299663 0.4946019414708667
0.7900000000000005 0.7103532724176082 0.9999576464987401 0.5046017716344046
0.8000000000000005 0.7173560908995231 0.9995736030415051 0.5145997611506449
0.8100000000000005 0.7242871743701429 0.998789743470524 0.5245919109570858
0.8200000000000005 0.7311458297268962 0.9976063813191736 0.5345742243270315
0.8300000000000005 0.7379313711099631 0.9960239899165366 0.54454270846823
0.8400000000000005 0.7446431199708596 0.9940432021980758 0.5544933761199361
0.8500000000000005 0.751280405140293 0.9916648104524685 0.5644222471477629
0.8600000000000005 0.7578425628952773 0.9888897660047012 0.5743253501356823
0.8700000000000006 0.7643289370255054 0.9857191788355533 0.584198723974539
0.8800000000000006 0.7707388788989696 0.9821543171376182 0.5940384194464405
0.8900000000000006 0.7770717475268242 0.9781966068080444 0.6038405008043923
0.9000000000000006 0.7833269096274837 0.9738476308781949 0.6136010473465441
0.9100000000000006 0.7895037396899508 0.9691091288804561 0.6233161549844176
0.9200000000000006 0.7956016200363664 0.9639829961524479 0.6329819378044906
0.9300000000000006 0.8016199408837775 0.9584712830789138 0.642594529622511
0.9400000000000006 0.8075581004051147 0.952576194271595 0.6521500855299173
0.9500000000000006 0.8134155047893741 0.9463000876874141 0.6616447834317523
0.9600000000000006 0.8191915683009986 0.9396454736853245 0.6710748255754496
0.9700000000000006 0.8248857133384504 0.9326150140222 0.6804364400698841
0.9800000000000006 0.8304973704919708 0.9252115207881677 0.6897258823940778
0.9900000000000007 0.8360259786005209 0.9174379552818093 0.6989394368949585
1.0000000000000007 0.8414709848078968 0.9092974268256812 0.7080734182735717
1.0100000000000007 0.8468318446180155 0.9007931915226267 0.7171241730591508
1.0200000000000007 0.8521080219493633 0.891928650953379 0.7260880810704566
1.0300000000000007 0.8572989891886037 0.8827073508159734 0.7349615568638016
1.0400000000000007 0.8624042272433388 0.8731329795075158 0.7437410511671803
1.0500000000000007 0.8674232255940173 0.863209366648873 0.7524230522999295
1.0600000000000007 0.8723554823449866 0.8529404815528755 0.7610040875773543
1.0700000000000007 0.877200504274682 0.8423304316366449 0.7694807246997564
1.0800000000000007 0.8819578068849478 0.8313834607786824 0.777849573125307
1.0900000000000007 0.8866269144494876 0.8201039476213734 0.786107285426219
1.1000000000000008 0.8912073600614356 0.8084964038195893 0.7942505586276734
1.1100000000000008 0.895698685680048 0.7965654722360858 0.8022761355289654
1.1200000000000008 0.9001004421765053 0.784315925084419 0.8101808060063403
1.1300000000000008 0.9044121893788263 0.7717526620201248 0.8179614082970019
1.1400000000000008 0.9086334961158836 0.7588807081809209 0.8256148302637735
1.1500000000000008 0.9127639402605214 0.7457052121767191 0.8331380106399128
1.1600000000000008 0.9168031087717673 0.7322314440302502 0.840527940253577
1.1700000000000008 0.920750597736136 0.718464793069125 0.8477816632314518
1.1800000000000008 0.9246060124080206 0.7044107657701749 0.8548962781810608
1.1900000000000008 0.928368967249167 0.6900749835569351 0.8618689393512848
1.2000000000000008 0.9320390859672266 0.6754631805511496 0.8686968577706232
1.2100000000000009 0.9356160015533862 0.6605812012791994 0.875377302362746
1.2200000000000009 0.9390993563190678 0.6454349983343693 0.8819076010388875
1.2300000000000009 0.9424888019316978 0.6300306299958909 0.8882851417666471
1.2400000000000009 0.9457839994495393 0.6143742578057103 0.8945073736147661
1.2500000000000009 0.9489846193555865 0.5984721441039551 0.9005718077734675
1.260000000000001 0.9520903415905161 0.5823306495240804 0.9064760185499456
1.270000000000001 0.9551008555846925 0.5659562304487012 0.9122176443386116
1.280000000000001 0.9580158602892253 0.5493554364271251 0.9177943885657044
1.290000000000001 0.9608350642060729 0.5325349075556196 0.9232040206078882
1.300000000000001 0.9635581854171932 0.5155013718214626 0.928444376684474
1.310000000000001 0.9661849516127343 0.498261642411837 0.9335133607229018
1.320000000000001 0.9687151001182654 0.48082261498864665 0.938408945197141
1.330000000000001 0.9711483779210448 0.46319126493034357 0.9431291719386765
1.340000000000001 0.9734845416953196 0.44537464454186954 0.9476721529197465
1.350000000000001 0.9757233578266593 0.42737988023382817 0.952036071008531
1.360000000000001 0.9778646024353164 0.4092141696720157 0.9562191806959793
1.370000000000001 0.9799080613986144 0.3908847788984506 0.9602198087939907
1.380000000000001 0.9818535303723599 0.37239903942505365 0.9640363551046667
1.390000000000001 0.9837008148112767 0.35376434530114104 0.9676672930603697
1.400000000000001 0.9854497299884604 0.334988150155903 0.9711111703343295
1.410000000000001 0.9871001010138505 0.3160779642170517 0.9743666094215538
1.420000000000001 0.98865176285172 0.2970413513068303 0.9774323081898135
1.430000000000001 0.990104560337178 0.27788592581658467 0.9803070404004764
1.440000000000001 0.9914583481916865 0.25861934966110867 0.9829896561989876
1.450000000000001 0.9927129910375886 0.23924932921398026 0.9854790825747954
1.460000000000001 0.993868363411645 0.21978361222511478 0.9877743237905416
1.470000000000001 0.994924349777581 0.20022998472176834 0.9898744617803424
1.480000000000001 0.9958808445376401 0.18059626789423075 0.9917786565170034
1.490000000000001 0.9967377520431435 0.16089031496745357 0.993486146348019
1.500000000000001 0.9974949866040546 0.14112000805986502 0.9949962483002229
1.5100000000000011 0.9981524724975482 0.12129325503062754 0.9963083583529688
1.5200000000000011 0.9987101439755831 0.10141798631659965 0.9974219516797299
1.5300000000000011 0.999167945271476 0.08150215176026691 0.9983365828580233
1.5400000000000011 0.9995258306054791 0.06155371742991093 0.9990518860475728
1.5500000000000012 0.999783764189357 0.04158066243328827 0.9995675751366397
1.5600000000000012 0.9999417202299663 0.02159097572609374 0.9998834438564642
1.5700000000000012 0.9999996829318346 0.0015926529164846078 0.9999993658637698
1.5800000000000012 0.9999576464987401 -0.01840630693305603 0.9999152947912993
1.5900000000000012 0.9998156151342908 -0.0383979045052376 0.9996312642663604
1.6000000000000012 0.9995736030415051 -0.058374143427582306 0.9991473878973764
1.6100000000000012 0.9992316344213905 -0.07832703347086752 0.9984638592284434
1.6200000000000012 0.998789743470524 -0.0982485937451109 0.9975809516619151
1.6300000000000012 0.9982479743776324 -0.11813085589182001 0.9964990183490461
1.6400000000000012 0.9976063813191736 -0.13796586727122948 0.9952184920487364
1.6500000000000012 0.9968650284539188 -0.15774569414325085 0.9937398849544323
1.6600000000000013 0.9960239899165366 -0.17746242484086278 0.992063788489257
1.6700000000000013 0.9950833498101801 -0.19710817293467248 0.9901908730694492
1.6800000000000013 0.9940432021980758 -0.21667508038738223 0.9881218878362047
1.6900000000000013 0.9929036510941184 -0.2361553206968996 0.9858576603560307
1.7000000000000013 0.9916648104524685 -0.25554110202683383 0.9833990962897302
1.7100000000000013 0.9903268041561579 -0.2748246703231266 0.9807471790301492
1.7200000000000013 0.9888897660047012 -0.2939983124155702 0.9779029693088328
1.7300000000000013 0.9873538397007162 -0.31305435910297275 0.9748676047717476
1.7400000000000013 0.9857191788355533 -0.33198518822073664 0.9716422995242374
1.7500000000000013 0.9839859468739367 -0.35078322768962233 0.9682283436453978
1.7600000000000013 0.9821543171376182 -0.36944095854447956 0.9646271026720612
1.7700000000000014 0.9802244727880453 -0.38795091794173275 0.9608400170526012
1.7800000000000014 0.9781966068080444 -0.4063057021444192 0.9568686015707719
1.7900000000000014 0.9760709219825239 -0.42449796948358504 0.9527144447398143
1.8000000000000014 0.9738476308781949 -0.44252044329485485 0.948379208167073
1.8100000000000014 0.9715269558223151 -0.46036591482900063 0.9438646258893746
1.8200000000000014 0.9691091288804561 -0.4780272461353452 0.9391725036794364
1.8300000000000014 0.9665943918332972 -0.49549737291684726 0.9343047183235816
1.8400000000000014 0.9639829961524478 -0.5127693073557261 0.9292632168710501
1.8500000000000014 0.9612752029752996 -0.5298361409084956 0.9240500158552034
1.8600000000000014 0.9584712830789138 -0.5466910470692894 0.9186672004869394
1.8700000000000014 0.9555715168529435 -0.5633272841003722 0.9131169238206353
1.8800000000000014 0.9525761942715949 -0.5797381977287452 0.9074014058929553
1.8900000000000015 0.94948561486463 -0.5959172238077663 0.9015229328348645
1.9000000000000015 0.946300087687414 -0.6118578909427214 0.8954838559572075
1.9100000000000015 0.94301993129001 -0.6275538230792957 0.8892865908102153
1.9200000000000015 0.9396454736853244 -0.6429987420539112 0.8829336162173176
1.9300000000000015 0.9361770523163055 -0.6581864701049073 0.8764274732836467
1.9400000000000015 0.9326150140221999 -0.6731109323435639 0.8697707643796282
1.9500000000000015 0.9289597150038688 -0.687766159183976 0.8629661521000691
1.9600000000000015 0.9252115207881677 -0.7021462887308076 0.8560163581991541
1.9700000000000015 0.9213708061913948 -0.7162455691239726 0.8489241625017807
1.9800000000000015 0.9174379552818093 -0.7300583608393016 0.841692401791667
1.9900000000000015 0.9134133613412245 -0.7435791389442766 0.8343239686766744
2.0000000000000013 0.9092974268256812 -0.75680249530793 0.826821810431805
2.010000000000001 0.9050905633252004 -0.7697231407640256 0.8191889278203287
2.020000000000001 0.9007931915226269 -0.7823359072266539 0.8114283738935201
2.0300000000000007 0.8964057411515596 -0.7946357497573979 0.8035432527694768
2.0400000000000005 0.8919286509533794 -0.8066177485832411 0.7955367183915152
2.0500000000000003 0.8873623686333753 -0.8182771110644108 0.7874119732666341
2.06 0.8827073508159741 -0.8296091736113709 0.7791722671845551
2.07 0.8779640629990781 -0.8406094035501945 0.7708208959178493
2.0799999999999996 0.8731329795075167 -0.851273400935574 0.7623611999036736
2.0899999999999994 0.8682145834456129 -0.8615969003107401 0.7537965629076391
2.099999999999999 0.8632093666488742 -0.8715757724135873 0.7451304106703505
2.109999999999999 0.8581178296348094 -0.8812060258283244 0.7363662095371558
2.1199999999999988 0.8529404815528769 -0.8904838085819873 0.7275074650716536
2.1299999999999986 0.8476778401335705 -0.8994054096851765 0.7185577206535151
2.1399999999999983 0.8423304316366467 -0.9079672606164039 0.7095205560611795
2.149999999999998 0.8368987907984987 -0.9161659367494535 0.7003995860399893
2.159999999999998 0.8313834607786844 -0.9239981587231862 0.6911984588563422
2.1699999999999977 0.8257849931056094 -0.931460793753241 0.6819208548384313
2.1799999999999975 0.8201039476213756 -0.938550856885106 0.672570484904164
2.1899999999999973 0.8143408924257974 -0.9452655121880617 0.6631510890768442
2.199999999999997 0.8084964038195919 -0.9516020738895141 0.6536664349892126
2.209999999999997 0.8025710662467491 -0.9575580074492693 0.6441203163764437
2.2199999999999966 0.7965654722360886 -0.9631309305733148 0.6345165515587029
2.2299999999999964 0.790480222342007 -0.9683186141667054 0.6248589819138688
2.239999999999996 0.7843159250844224 -0.973118983225172 0.6151514703410332
2.249999999999996 0.7780731968879238 -0.9775301176650953 0.6053978997153938
2.259999999999996 0.7717526620201285 -0.9815502530915139 0.5956021713351547
2.2699999999999956 0.7653549525292563 -0.9851777815038579 0.5857682033610602
2.2799999999999954 0.7588807081809249 -0.9884112519391292 0.5758999292491821
2.289999999999995 0.7523305763941739 -0.9912493710522656 0.5660012961775899
2.299999999999995 0.7457052121767236 -0.9936910036334633 0.5560762634675324
2.3099999999999947 0.7390052780594745 -0.9957351730622443 0.5461288009997611
2.3199999999999945 0.7322314440302551 -0.9973810616980925 0.5361628876266326
2.3299999999999943 0.7253843874668235 -0.9986280112074982 0.5261825095806187
2.339999999999994 0.7184647930691302 -0.9994755228272836 0.5161916588798682
2.349999999999994 0.7114733527908488 -0.9999232575641007 0.5061943317314516
2.3599999999999937 0.7044107657701806 -0.9999710363300246 0.4961945269329322
2.3699999999999934 0.6972777382599425 -0.9996188400141858 0.4861962442729009
2.3799999999999932 0.6900749835569412 -0.9988668094904148 0.47620348293111264
2.389999999999993 0.6828032219306449 -0.9977152455608943 0.4662202398788695
2.399999999999993 0.6754631805511562 -0.9961646088358419 0.4562505082802838
2.4099999999999926 0.6680555934164966 -0.994215519549273 0.4462982758950674
2.4199999999999924 0.6605812012792064 -0.9918687573109145 0.4363675234834794
2.429999999999992 0.6530407515722708 -0.9891252607943721 0.42646222321407634
2.439999999999992 0.6454349983343768 -0.985986127361673 0.41658633707489695
2.4499999999999917 0.6377647021345101 -0.9824526126243356 0.4067438152887204
2.4599999999999915 0.6300306299958988 -0.978526129941142 0.39693859473302906
2.4699999999999913 0.6222335553193116 -0.9742082498528131 0.3871745973653108
2.479999999999991 0.6143742578057187 -0.9695006994538132 0.37745572865432775
2.489999999999991 0.6064535233783221 -0.9644053617015355 0.36778587601798113
2.4999999999999907 0.598472144103964 -0.9589242746631438 0.35816890726839584
2.5099999999999905 0.5904309181139206 -0.9530596307003734 0.34860866906484717
2.5199999999999902 0.5823306495240899 -0.9468137755926151 0.3391089853751484
2.52999999999999 0.5741721483545806 -0.9401892075986353 0.32967365594611453
2.53999999999999 0.5659562304487111 -0.9331885764573049 0.3203064547837146
2.5499999999999896 0.5576837173914255 -0.9258146823277401 0.3110111286435194
2.5599999999999894 0.5493554364271356 -0.9180704746692755 0.3017913955320486
2.569999999999989 0.5409722203769975 -0.9099590510617195 0.2926509432196188
2.579999999999989 0.5325349075556305 -0.9014836559663645 0.2835934277652839
2.5899999999999888 0.5240443416872855 -0.8926476794282446 0.27462247205446044
2.5999999999999885 0.515501371821474 -0.883454655720164 0.2657416643498216
2.6099999999999883 0.5069068522480634 -0.8739082619290336 0.25695455685604
2.619999999999988 0.49826164241184895 -0.8640123164850865 0.24826466429895322
2.629999999999988 0.48956660682660996 -0.8537707776345559 0.2396754625197205
2.6399999999999877 0.48082261498865914 -0.8431877418564301 0.23119038708453235
2.6499999999999875 0.47203054128989363 -0.832267442223915 0.22281283191042997
2.6599999999999873 0.46319126493035656 -0.8210142467112618 0.21454614790778376
2.669999999999987 0.45430566983031795 -0.8094326564466346 0.20639364163997387
2.679999999999987 0.4453746445418831 -0.7975273039117203 0.1983585740008087
2.6899999999999866 0.4363990821601383 -0.785302951088797 0.19044415891021113
2.6999999999999864 0.4273798802338422 -0.7727644875560046 0.18265356202869332
2.709999999999986 0.41831794067567146 -0.7599169285315789 0.17498989949113458
2.719999999999986 0.4092141696720303 -0.7467654128678313 0.16745623666036918
2.7299999999999858 0.40006947759243255 -0.7333152009956758 0.1600555869010819
2.7399999999999856 0.3908847788984657 -0.7195716728205278 0.1527909103745024
2.7499999999999853 0.38166099205234527 -0.7055403255704127 0.14566511285438036
2.759999999999985 0.3723990394250693 -0.6912267715971483 0.1386810445647143
2.769999999999985 0.36309984720418237 -0.6766367361314791 0.13184149903970058
2.7799999999999847 0.35376434530115725 -0.6617760549930602 0.12514921200635643
2.7899999999999845 0.3443934672584046 -0.6466506722562072 0.11860686029026579
2.7999999999999843 0.3349881501559197 -0.6312666378723457 0.11221706074488501
2.809999999999984 0.3255493345175751 -0.6156301052501115 0.10598236920483603
2.819999999999984 0.31607796421706896 -0.5997473287940693 0.09990527946360672
2.8299999999999836 0.3065749863835386 -0.5836246614030339 0.09398822227606687
2.8399999999999834 0.2970413513068481 -0.5672685519289957 0.08823356438619835
2.849999999999983 0.28747801234256054 -0.5506855425976658 0.08264360758042939
2.859999999999983 0.277885925816603 -0.5338822663916728 0.07722058776695058
2.869999999999983 0.2682660509296346 -0.5168654443974584 0.07196667408138131
2.8799999999999826 0.25861934966112754 -0.4996418831169325 0.06688396801914455
2.8899999999999824 0.24894678667316977 -0.4822184717449627 0.0619745025948967
2.899999999999982 0.23924932921399966 -0.46460217941378884 0.05724024152934879
2.909999999999982 0.22952794702128193 -0.4468000524054626 0.052683078463804406
2.9199999999999817 0.2197836122251347 -0.42881921133342876 0.04830483620272838
2.9299999999999815 0.2100172992509174 -0.4106668482943749 0.04410726598464938
2.9399999999999813 0.2002299847217888 -0.39235022399148817 0.040092046781687776
2.949999999999981 0.1904226473610458 -0.37387666483027143 0.03626078462798921
2.959999999999981 0.1805962678942517 -0.3552535599880784 0.03261501197733233
2.9699999999999807 0.17075182895116459 -0.336488358458541 0.02915618709016777
2.9799999999999804 0.16089031496747505 -0.3175885660720719 0.025885693450333327
2.9899999999999802 0.1510127120863636 -0.2985617424936317 0.02280483921167895
2.99999999999998 0.141120008059887 -0.2794154981989643 0.019914856674822574
3.00999999999998 0.13121319215020405 -0.2601574914305075 0.01721690179424637
3.0199999999999796 0.12129325503065003 -0.24079542513419883 0.014712053715930307
3.0299999999999794 0.11136118868667032 -0.22133704387839936 0.01240131434570819
3.039999999999979 0.10141798631662263 -0.20179013075616978 0.010285607948518655
3.049999999999979 0.09146464223245798 -0.18216250427213693 0.008365780778711536
3.0599999999999787 0.08150215176029037 -0.16246201521519624 0.0066426007415574025
3.0699999999999785 0.07153151114086496 -0.1426965435183008 0.005116757086095688
3.0799999999999783 0.061553717429934866 -0.12287399510659323 0.003788860129444267
3.089999999999978 0.05156976839855636 -0.10300229873514113 0.0026594410126807425
3.099999999999978 0.041580662433312675 -0.08308940281754065 0.0017289514883930999
3.1099999999999777 0.031587398436476094 -0.0631432722466571 0.0009977637399846925
3.1199999999999775 0.0215909757261186 -0.043171885208773936 0.00046617023280584266
3.1299999999999772 0.011592393936180922 -0.023183229992424736 0.0001343835971716042
3.139999999999977 0.0015926529165099209 -0.003185301793184175 2.536543312467557e-06
3.149999999999977 -0.008407247367125526 0.016813900484303534 7.068180829203909e-05
3.1599999999999766 -0.018406306933030275 0.03680637742577987 0.0003387921349129184
3.1699999999999764 -0.02840352588358026 0.056784132307031054 0.0008067602826192137
3.179999999999976 -0.03839790450521142 0.0767391742924711 0.0014743990703913353
3.189999999999976 -0.0483884433683902 0.0966635216313695 0.0023414414516159054
3.1999999999999758 -0.0583741434275557 0.11654920485044512 0.0034075406209008448
3.2099999999999755 -0.06835400612102341 0.13638826994154926 0.004672270152792906
3.2199999999999753 -0.07832703347084051 0.15617278154316278 0.00613512417234217
3.229999999999975 -0.08829222818258282 0.17589482611443505 0.007795517557445272
3.239999999999975 -0.09824859374508349 0.19554651510049462 0.009652786172886459
3.2499999999999747 -0.10819513453008321 0.21511998808776608 0.011706187135982805
3.2599999999999745 -0.11813085589179223 0.23460741594803072 0.013954899113727383
3.2699999999999743 -0.12805476426635412 0.2540010039699733 0.016398022651311524
3.279999999999974 -0.13796586727120133 0.27329299497696286 0.019034580531894742
3.289999999999974 -0.1478631738042926 0.2924756724298196 0.02186351816747844
3.2999999999999736 -0.15774569414322234 0.31154136351332806 0.02488370402072705
3.3099999999999734 -0.16761244004419204 0.33048244220526063 0.02809393005756787
3.319999999999973 -0.1774624248408339 0.34929133232668497 0.03149291223038862
3.329999999999973 -0.18729466354287658 0.36796051057233425 0.03507929099163934
3.3399999999999728 -0.1971081729346433 0.3864825095198294 0.03885163183763325
3.3499999999999726 -0.20690197167337282 0.40484992061654795 0.04280842588232917
3.3599999999999723 -0.21667508038735275 0.42305539714294693 0.04694809046086578
3.369999999999972 -0.2264265217738559 0.4410916571511521 0.051268969762606434
3.379999999999972 -0.2361553206968698 0.45895148637764055 0.05576933549344143
3.3899999999999717 -0.24586050428460948 0.47662774112884954 0.060447387567082476
3.3999999999999715 -0.25554110202680375 0.49411335113855875 0.06530125482507332
3.4099999999999713 -0.26519614587174556 0.5114013223959027 0.07032899578522815
3.419999999999971 -0.27482467032309627 0.5284847399428817 0.07552859941819855
3.429999999999971 -0.28442571253643445 0.5453567706402529 0.08089798595185844
3.4399999999999706 -0.2939983124155396 0.5620106659006946 0.08643500770318521
3.4499999999999704 -0.30354151270840096 0.5784397643881516 0.09213744993730434
3.45999999999997 -0.31305435910294194 0.5946374946822808 0.09800303175335373
3.46999999999997 -0.3225359003224504 0.6105973779069312 0.10402940699681365
3.47999999999997 -0.3319851882207056 0.6263130303216088 0.11021416519793732
3.4899999999999696 -0.34140127787679214 0.6417781658748868 0.11655483253590665
3.4999999999999694 -0.35078322768959114 0.6569865987187429 0.12304887282832754
3.509999999999969 -0.3601300994719396 0.6719322456828161 0.1296936885456691
3.519999999999969 -0.3694409585444482 0.6866091287075933 0.13648662185024069
3.5299999999999687 -0.37871487382896885 0.7010113772355537 0.14342495565929178
3.5399999999999685 -0.3879509179417012 0.7151332305593139 0.1505059147318086
3.5499999999999683 -0.39714816728593083 0.7289690401258327 0.1577266667785737
3.559999999999968 -0.40630570214438755 0.742513271795759 0.16508432359504377
3.569999999999968 -0.4154226067712168 0.7557605080570118 0.172575942216593
3.5799999999999677 -0.42449796948355323 0.7687054501917143 0.1801985260956597
3.5899999999999674 -0.4335308827526885 0.7813429203956095 0.1879490263003253
3.5999999999999672 -0.442520443294823 0.7936678638491131 0.19582434273384663
3.609999999999967 -0.45146575216139384 0.8056753507391743 0.20382132537465308
3.619999999999967 -0.4603659148289687 0.8173605782311345 0.21193677553631327
3.6299999999999666 -0.4692200412886977 0.828718872389798 0.22016744714696718
3.6399999999999664 -0.4780272461353132 0.8397456900489433 0.22851004804771133
3.649999999999966 -0.4867866486556699 0.8504366206285289 0.23696124130941862
3.659999999999966 -0.4954973729168152 0.8607873878988669 0.24551764656746544
3.6699999999999657 -0.5041585478535819 0.8707938516910575 0.2541758413738325
3.6799999999999655 -0.512769307355694 0.8804520095530015 0.26293236256603825
3.6899999999999653 -0.521328790354377 0.889757998350328 0.27178370765235793
3.699999999999965 -0.5298361409084636 0.8987080958115962 0.2807263362127733
3.709999999999965 -0.538290508289988 0.9072987220171546 0.2897566713150937
3.7199999999999647 -0.5466910470692574 0.915526440831061 0.29887110094568103
3.7299999999999645 -0.5550369171993943 0.9233879612754916 0.3080659794542073
3.7399999999999642 -0.5633272841003404 0.9308801388470873 0.31733762901186563
3.749999999999964 -0.5715613187423143 0.9379999767747139 0.3266823410824534
3.759999999999964 -0.5797381977287135 0.9447446272181302 0.3360963779057369
3.7699999999999636 -0.5878571033784533 0.9511113924070864 0.34557597399250556
3.7799999999999634 -0.5959172238077346 0.9570977257203959 0.3551173376307176
3.789999999999963 -0.6039177530112312 0.9627012327045501 0.3647166524021344
3.799999999999963 -0.6118578909426898 0.9679196720314678 0.37437007870883654
3.8099999999999627 -0.619736843594934 0.9727509563949965 0.38407375530901167
3.8199999999999625 -0.6275538230792643 0.977193153345807 0.3938238008614006
3.8299999999999623 -0.6353080477042465 0.9812444860643476 0.4036163154777812
3.839999999999962 -0.6429987420538799 0.9849033340715477 0.4134473822828719
3.849999999999962 -0.6506251370651384 0.9881682338769887 0.42331306898103005
3.8599999999999617 -0.6581864701048762 0.9910378795642796 0.43320942942911705
3.8699999999999615 -0.6656819850460903 0.9935111233134071 0.4431325052149032
3.8799999999999613 -0.673110932343533 0.9955869758598476 0.4530783272403803
3.889999999999961 -0.6804725691086654 0.9972646068902601 0.4630429173093474
3.899999999999961 -0.6877661591839453 0.9985433453746008 0.473022289718636
3.9099999999999606 -0.6949909732164435 0.9994226798345253 0.48301245285233935
3.9199999999999604 -0.7021462887307773 0.9999022585479741 0.49300941077840416
3.92999999999996 -0.709231390201358 0.9999818896898561 0.5030091648469509
3.93999999999996 -0.7162455691239427 0.9996615414087763 0.5130077152896805
3.9499999999999598 -0.7231881240864843 0.9989413418397758 0.5230010628197281
3.9599999999999596 -0.7300583608392719 0.9978215790530797 0.5329852102313245
3.9699999999999593 -0.7368555923643557 0.9963027009388726 0.5429561639986256
3.979999999999959 -0.7435791389442472 0.9943853150281491 0.5529099358730681
3.989999999999959 -0.7502283282298917 0.9920701882497083 0.5628425444786181
3.9999999999999587 -0.7568024953079012 0.9893582466233938 0.5727500169042659
4.009999999999959 -0.763300982767047 0.9862505748896973 0.5826283902931398
4.019999999999959 -0.7697231407639977 0.9827484160758773 0.592473713427593
4.0299999999999585 -0.776068327088306 0.9788531709987645 0.6022820483096418
4.039999999999958 -0.7823359072266267 0.9745663977044537 0.6120494717361091
4.049999999999958 -0.7885252544261693 0.9698898108451066 0.621772076867855
4.059999999999958 -0.7946357497573715 0.9648252809931133 0.6314459747924599
4.069999999999958 -0.8006667821757921 0.9593748338928882 0.6410672960797373
4.079999999999957 -0.8066177485832153 0.9535406496505999 0.6506321923294551
4.089999999999957 -0.8124880538879594 0.9473250618621573 0.6601368377106437
4.099999999999957 -0.8182771110643858 0.9407305566798021 0.6695774304918772
4.109999999999957 -0.8239843412116011 0.9337597718176819 0.6789501945619163
4.119999999999957 -0.8296091736113466 0.9264154954967989 0.6882513809401014
4.129999999999956 -0.8351510457850696 0.9187006653297591 0.6974772692758954
4.139999999999956 -0.840609403550171 0.9106183671457664 0.7066241693369743
4.149999999999956 -0.8459837010754228 0.9021718337563317 0.7156884224852702
4.159999999999956 -0.8512734009355513 0.8933644436621918 0.7246664031403798
4.1699999999999555 -0.8564779741649782 0.8841997197019542 0.733554520229745
4.179999999999955 -0.861596900310718 0.8746813276430082 0.7423492186250373
4.189999999999955 -0.8666296674844217 0.8648130747152672 0.7510469805641593
4.199999999999955 -0.871575772413566 0.8545989080883275 0.7596443270583042
4.209999999999955 -0.8764347204917796 0.8440429132926526 0.7681378192835039
4.2199999999999545 -0.8812060258283039 0.8331493125854161 0.7765240599561134
4.229999999999954 -0.8858892112965813 0.8219224632616549 0.7847996946916788
4.239999999999954 -0.8904838085819675 0.810366855911409 0.7929614133466462
4.249999999999954 -0.894989358228563 0.7984871126235459 0.801005951342375
4.259999999999954 -0.8994054096851575 0.7862879851369863 0.8089300909709259
4.269999999999953 -0.9037315213502856 0.7737743529400719 0.8167306626821016
4.279999999999953 -0.9079672606163857 0.7609512213188354 0.8244045463512236
4.289999999999953 -0.912112203913061 0.7478237193549523 0.8319486725271414
4.299999999999953 -0.916165936749436 0.7343970978741773 0.8393600236599716
4.3099999999999525 -0.9201280537556052 0.7206767273460833 0.846635635308078
4.319999999999952 -0.9239981587231696 0.7066680957359458 0.8537725973238077
4.329999999999952 -0.9277758646448576 0.6923768063096296 0.8607680550175132
4.339999999999952 -0.9314607937532251 0.6778085753923573 0.8676192102993882
4.349999999999952 -0.9350525775584321 0.6629692300822552 0.8743233227986676
4.3599999999999515 -0.938550856885091 0.647864705919592 0.8808777109597385
4.369999999999951 -0.9419552819081846 0.6325010445126419 0.8872797531147274
4.379999999999951 -0.9452655121880474 0.6168843911211216 0.8935268885321317
4.389999999999951 -0.9484812167044101 0.6010209921981684 0.8996166184410782
4.399999999999951 -0.9516020738895008 0.5849171928918424 0.905546507030799
4.40999999999995 -0.9546277716602015 0.5685794345071515 0.9113141824249219
4.41999999999995 -0.9575580074492568 0.5520142519296158 0.9169173376301909
4.42999999999995 -0.9603924882355295 0.5352282710114001 0.9223537314592316
4.43999999999995 -0.963130930573303 0.5182282059210618 0.9276211894269967
4.4499999999999496 -0.9657730606206257 0.5010208564579723 0.9327176046205309
4.459999999999949 -0.9683186141666945 0.48361310533248864 0.9376409385417078
4.469999999999949 -0.9707673366582761 0.4660119154129607 0.9423892219226028
4.479999999999949 -0.973118983225162 0.448224326940677 0.9469605555131732
4.489999999999949 -0.9753733187046552 0.43025745471386173 0.9513531108409328
4.4999999999999485 -0.9775301176650862 0.41211848524185046 0.9555651309423173
4.509999999999948 -0.9795891644283565 0.39381467387058233 0.9595949310654457
4.519999999999948 -0.9815502530915056 0.37535334188055824 0.9634408993439987
4.529999999999948 -0.9834131875473012 0.3567418735584265 0.9671014974419434
4.539999999999948 -0.9851777815038505 0.33798771324336624 0.9705752611688486
4.549999999999947 -0.9868438585032281 0.31909836234945144 0.9738608010655393
4.559999999999947 -0.9884112519391225 0.30008137636518495 0.9769568029598634
4.569999999999947 -0.9898798050734964 0.28094436183140403 0.9798620284923432
4.579999999999947 -0.9912493710522599 0.26169497329876545 0.9825753156115007
4.589999999999947 -0.9925198129199566 0.2423409102660272 0.9850955790386656
4.599999999999946 -0.9936910036334584 0.22288991410035155 0.9874218107020699
4.609999999999946 -0.99476282607467 0.20334976494086168 0.9895530801400643
4.619999999999946 -0.9957351730622404 0.1837282785866895 0.9914885348732897
4.629999999999946 -0.9966079473622811 0.16403330337076039 0.9932274007456592
4.6399999999999455 -0.9973810616980894 0.1442727170205645 0.994768982234008
4.649999999999945 -0.998054438758876 0.12445442350717098 0.996112662726295
4.659999999999945 -0.998628011207496 0.10458634988374478 0.9972579047682387
4.669999999999945 -0.9991017216871825 0.08467644311483116 0.9982042502782922
4.679999999999945 -0.9994755228272822 0.06473266689767579 0.9989513207308692
4.689999999999944 -0.9997493772479927 0.04476299847685208 0.9994988173077493
4.699999999999944 -0.9999232575641002 0.02477542545346964 0.9998465210176019
4.709999999999944 -0.9999971463877179 0.004777942590240421 0.9999942927835789
4.719999999999944 -0.9999710363300249 -0.015221451386319845 0.999942073498944
4.729999999999944 -0.9998449300020054 -0.03521475698527556 0.999689884050715
4.739999999999943 -0.999618840014187 -0.055193977150961 0.9992378253113088
4.749999999999943 -0.9992927889753801 -0.07515112046169595 0.9985860780981936
4.759999999999943 -0.9988668094904168 -0.09507820432624778 0.9977349031015647
4.769999999999943 -0.9983409441568909 -0.11496725817676162 0.9966846407800724
4.7799999999999425 -0.9977152455608972 -0.13481032665688109 0.9954357112246414
4.789999999999942 -0.996989776271774 -0.15459947280378486 0.9939886139904419
4.799999999999942 -0.9961646088358458 -0.17432678122286593 0.9923439278970736
4.809999999999942 -0.9952398257691683 -0.19398436125378396 0.9905023107970444
4.819999999999942 -0.9942155195492777 -0.21356435012662414 0.9884644993126401
4.8299999999999415 -0.9930917926059423 -0.23305891610690038 0.9862313085412838
4.839999999999941 -0.9918687573109201 -0.25246026162814467 0.9838036317295088
4.849999999999941 -0.9905465359667213 -0.2717606264108296 0.981182439915671
4.859999999999941 -0.9891252607943786 -0.29095229056637695 0.9783687815415474
4.869999999999941 -0.9876050739202247 -0.3100275776850099 0.9753637820329725
4.87999999999994 -0.9859861273616802 -0.32897885790621473 0.9721686433496836
4.88999999999994 -0.984268583012052 -0.3477985509705834 0.9687846435045527
4.89999999999994 -0.9824526126243437 -0.366479129251816 0.9652131360523988
4.90999999999994 -0.9805383977940807 -0.38501312076767114 0.9614555495485828
4.9199999999999395 -0.978526129941151 -0.4033931121686591 0.9575133869776062
4.929999999999939 -0.9764160102906628 -0.42161175170328263 0.9533882251519358
4.939999999999939 -0.974208249852823 -0.43966175215863995 0.9490817140813003
4.949999999999939 -0.9719030694018352 -0.45753589377521237 0.9445955763127085
4.959999999999939 -0.9695006994538239 -0.47522702713467196 0.9399316062414538
4.9699999999999385 -0.9670013802437817 -0.49272807601955354 0.9350916693933788
4.979999999999938 -0.9644053617015469 -0.5100320402436475 0.9300777016786915
4.989999999999938 -0.9617129034268105 -0.5271319984519803 0.9248917086176257
4.999999999999938 -0.9589242746631561 -0.5440211108892655 0.91953576453826
5.009999999999938 -0.9560397542711363 -0.560692622135713 0.9140120117468147
5.019999999999937 -0.9530596307003866 -0.5771398638091082 0.9083226596707572
5.029999999999937 -0.9499842019607805 -0.5933562572320753 0.902469983975061
5.039999999999937 -0.9468137755926291 -0.6093353160634609 0.8964563256519695
5.049999999999937 -0.9435486686359275 -0.6250706488927836 0.8902840900846313
5.0599999999999365 -0.9401892075986501 -0.6405559617967135 0.8839557460849776
5.069999999999936 -0.9367357284241014 -0.655785060856557 0.8774738249062317
5.079999999999936 -0.9331885764573206 -0.670751854635742 0.8708409192304404
5.089999999999936 -0.9295481064105487 -0.6854503566163117 0.8640596821314368
5.099999999999936 -0.9258146823277567 -0.699874687593451 0.8571328260136449
5.1099999999999355 -0.9219886775482414 -0.7140190780270911 0.8500631215271551
5.119999999999935 -0.9180704746692927 -0.7278778703496477 0.8428533964595004
5.129999999999935 -0.9140604655079333 -0.7414455212289734 0.8355065346045797
5.139999999999935 -0.9099590510617376 -0.754716603785616 0.828025474609178
5.149999999999935 -0.9057666414687323 -0.7676858097634982 0.8204132087975471
5.159999999999934 -0.9014836559663832 -0.7803479516531493 0.8126727819745164
5.169999999999934 -0.8971105228496714 -0.7926979647666399 0.8048072902076108
5.179999999999934 -0.8926476794282643 -0.8047309092633891 0.7968198795886653
5.189999999999934 -0.8880955719827849 -0.8164419721260353 0.7887137449754299
5.199999999999934 -0.8834546557201844 -0.8278264690855789 0.7804921287136696
5.209999999999933 -0.8787253947282216 -0.8388798464950274 0.7721583193402689
5.219999999999933 -0.8739082619290548 -0.8495976831507934 0.7637156502678615
5.229999999999933 -0.8690037390319495 -0.8599756920611172 0.7551674984515085
5.239999999999933 -0.8640123164851083 -0.8700097221608062 0.746517283037963
5.2499999999999325 -0.8589344934266266 -0.8796957599716059 0.7377684639980557
5.259999999999932 -0.8537707776345785 -0.8890299312075374 0.7289245407427529
5.269999999999932 -0.8485216854762403 -0.8980085023245602 0.7199890507234397
5.279999999999932 -0.8431877418564535 -0.9066278820139403 0.7109655680169853
5.289999999999932 -0.8377694801651351 -0.9148846226387253 0.7018577018961607
5.299999999999931 -0.8322674422239392 -0.9227754216127539 0.692669095385978
5.309999999999931 -0.8266821782320747 -0.9302971227216457 0.6834034238065277
5.319999999999931 -0.8210142467112865 -0.937446717385245 0.6740643933029012
5.329999999999931 -0.8152642144500035 -0.9442213458610133 0.6646557393627813
5.339999999999931 -0.8094326564466602 -0.9506182983878871 0.6551812253222971
5.34999999999993 -0.803520155852197 -0.9566350162701475 0.645644640860739
5.35999999999993 -0.7975273039117466 -0.9622690929008634 0.6360498004847395
5.36999999999993 -0.7914546999055089 -0.9675182747245024 0.6264005420025192
5.37999999999993 -0.785302951088824 -0.9723804621383232 0.6167007249888159
5.3899999999999295 -0.7790726726314472 -0.9768537103321888 0.6069542292411061
5.399999999999929 -0.7727644875560322 -0.9809362300664639 0.5971649532277371
5.409999999999929 -0.76637902667583 -0.9846263883876879 0.5873368125285926
5.419999999999929 -0.7599169285316072 -0.9879227092817335 0.5774737382689118
5.429999999999929 -0.7533788393277933 -0.9908238742641937 0.5675796755468929
5.4399999999999284 -0.7467654128678601 -0.9933287229077571 0.5576585818557056
5.449999999999928 -0.7400773104889428 -0.9954362533063636 0.5477144255005469
5.459999999999928 -0.7333152009957055 -0.9971456224759542 0.5377511840113719
5.469999999999928 -0.7264797605934625 -0.9984561466916521 0.5277728425519347
5.479999999999928 -0.719571672820558 -0.9993673017612443 0.5177833923257762
5.489999999999927 -0.7125916284800126 -0.9998787232348519 0.5077868289797962
5.499999999999927 -0.7055403255704435 -0.9999902065507041 0.4977871510060475
5.509999999999927 -0.6984184692162657 -0.999701707116961 0.4877883581423919
5.519999999999927 -0.6912267715971797 -0.9990133403295495 0.47779444977265967
5.5299999999999265 -0.6839659518769544 -0.9979253815260064 0.4678094233269483
5.539999999999926 -0.6766367361315111 -0.9964382658753473 0.4578372726827042
5.549999999999926 -0.6692398572763167 -0.9945525882040046 0.4478819865672248
5.559999999999926 -0.6617760549930929 -0.9922691027579046 0.4379475469622211
5.569999999999926 -0.6542460756558478 -0.9895887229007797 0.42803792751107733
5.5799999999999255 -0.6466506722562404 -0.9865125207488349 0.4181570919294476
5.589999999999925 -0.6389906043282811 -0.9830417267419155 0.40830899241982194
5.599999999999925 -0.6312666378723795 -0.9791777291513476 0.39849756809069786
5.609999999999925 -0.6234795452787443 -0.9749220735246482 0.3887267433809897
5.619999999999925 -0.6156301052501458 -0.9702764620673267 0.37900042649030563
5.629999999999924 -0.6077191027240457 -0.9652427529620251 0.36932250781571924
5.639999999999924 -0.5997473287941042 -0.9598229596252705 0.35969685839566334
5.649999999999924 -0.591715580631071 -0.9540192499021347 0.35012732836156546
5.659999999999924 -0.5836246614030692 -0.9478339451991252 0.3406177453978472
5.6699999999999235 -0.5754753801952796 -0.9412695195556534 0.33117191321090156
5.679999999999923 -0.5672685519290316 -0.9343285986544523 0.3217936100076604
5.689999999999923 -0.5590049972803128 -0.927013958771338 0.31248658698436255
5.699999999999923 -0.5506855425977021 -0.9193285256647366 0.30325456682612556
5.709999999999923 -0.5423110198197346 -0.9112753734054193 0.2941012422179206
5.7199999999999225 -0.5338822663917095 -0.9028577231469164 0.2850302743675483
5.729999999999922 -0.5254001251819458 -0.894078941837097 0.27604529154120433
5.739999999999922 -0.5168654443974957 -0.8849425408714365 0.26714988761222075
5.749999999999922 -0.5082790774993257 -0.8754521746885041 0.2583476206235655
5.759999999999922 -0.49964188311697016 -0.8656116393082363 0.24964201136467207
5.769999999999921 -0.49095472496266984 -0.8554248708135798 0.2410365419631708
5.779999999999921 -0.4822184717450008 -0.8448959437761107 0.23253465449208416
5.789999999999921 -0.4734339970820047 -0.8340290696262602 0.2241397495930436
5.799999999999921 -0.46460217941382737 -0.8228285949687987 0.21585518511607824
5.809999999999921 -0.4557239019148759 -0.8112989998442512 0.2076842747765194
5.81999999999992 -0.4468000524055015 -0.7994448959369419 0.1996302868295589
5.82999999999992 -0.4378315232632188 -0.7872710247303809 0.1916964427629905
5.83999999999992 -0.4288192113334681 -0.7747822556107348 0.18388591600865759
5.84999999999992 -0.4197640178399322 -0.7619835839191368 0.17620183067312295
5.8599999999999195 -0.4106668482944145 -0.7488801289536169 0.16864726028806767
5.869999999999919 -0.4015286124062887 -0.7354771319214506 0.1612252265809196
5.879999999999919 -0.3923502239915282 -0.7217799538427468 0.15393869826620235
5.889999999999919 -0.383132600881326 -0.7077940734061104 0.14679058985808946
5.899999999999919 -0.3738766648303118 -0.6935250847772401 0.1397837605046373
5.909999999999918 -0.3645833414243774 -0.6789786953613367 0.13292101284416416
5.919999999999918 -0.355253559988119 -0.6641607235202173 0.1262050918842321
5.929999999999918 -0.3458882534919055 -0.6490770962450481 0.11963868390368067
5.939999999999918 -0.336488358458582 -0.6337338467856267 0.11322441537815117
5.949999999999918 -0.3270548148698187 -0.6181371122371632 0.10696485192953138
5.959999999999917 -0.31758856607211317 -0.602293131085523 0.10086249729974099
5.969999999999917 -0.3080905586824567 -0.5862082407119166 0.09491979234926831
5.979999999999917 -0.2985617424936733 -0.5698888748580311 0.08913911408085848
5.989999999999917 -0.28900307037944106 -0.5533415610526194 0.08352277468874417
5.9999999999999165 -0.279415498199006 -0.5365729180005758 0.07807302063379873
6.009999999999916 -0.26979998470159655 -0.5195896529355423 0.07279203174498174
6.019999999999916 -0.2601574914305495 -0.5023985589371041 0.06768192034743643
6.029999999999916 -0.2504889826271566 -0.4850065122136492 0.06274473041758795
6.039999999999916 -0.24079542513424107 -0.4674204693519762 0.057982436765579896
6.0499999999999154 -0.23107778829947434 -0.4496474645347522 0.05339694424537668
6.059999999999915 -0.2213370438784418 -0.4316946067269339 0.04899008699284727
6.069999999999915 -0.21157416593746836 -0.4135690768322762 0.0447636276921354
6.079999999999915 -0.2017901307562124 -0.3952781248210664 0.0407192568706093
6.089999999999915 -0.1919859167300387 -0.37682906683023293 0.036858592222673354
6.099999999999914 -0.18216250427217973 -0.3582292822369879 0.0331831779627119
6.109999999999914 -0.17232087571569513 -0.3394862107071749 0.029694484207424047
6.119999999999914 -0.16246201521523917 -0.32060734921950146 0.026393906387796606
6.129999999999914 -0.1525869086486463 -0.30160024906684785 0.02328276469095033
6.1399999999999135 -0.14269654351834388 -0.28247251283585056 0.02036230353208261
6.149999999999913 -0.132791908852603 -0.2632317913659689 0.017633691056718023
6.159999999999913 -0.12287399510663644 -0.2438857806892513 0.015098018673465715
6.169999999999913 -0.11294379406355384 -0.224442218952025 0.01275630061747046
6.179999999999913 -0.10300229873518443 -0.20490888331974097 0.010609473544732177
6.1899999999999125 -0.09305050326277645 -0.18529358686621103 0.00865839615745597
6.199999999999912 -0.08308940281758402 -0.16560417544848283 0.006903848860582739
6.209999999999912 -0.07311999350135077 -0.14584852456860148 0.0053465334496375794
6.219999999999912 -0.06314327224670052 -0.12603453622351374 0.00398707283002094
6.229999999999912 -0.05316023671744482 -0.1061701357443747 0.0028260107678547684
6.239999999999911 -0.043171885208817415 -0.08626326862652083 0.001863811672483308
6.249999999999911 -0.033179216547645586 -0.06632189735137793 0.0011008604107155587
6.259999999999911 -0.023183229992468246 -0.04635399820157467 0.0005374621528836792
6.269999999999911 -0.01318492513361095 -0.026367558070535833 0.00017384225077892574
6.2799999999999105 -0.003185301793227696 -0.006370571267831544 1.0146147513939575e-05
